%YAML:1.0
---
camera_matrix: !!opencv-matrix
   rows: 3
   cols: 3
   dt: d
   data: [ 705.05247639319111, 0., 316.68114247532202, 0.,
       703.5924152132917, 251.95179267766591, 0., 0., 1. ]
distortion_coefficients: !!opencv-matrix
   rows: 1
   cols: 5
   dt: d
   data: [ -0.038299213692747781, 1.4426304786971531,
       -0.0022466115002720889, -0.0041703546818702602,
       -4.1455203000623957 ]
