%YAML:1.0
---
camera_matrix: !!opencv-matrix
   rows: 3
   cols: 3
   dt: d
   data: [ 143.00982980377731, 0., 151.93754390006464, 0.,
       130.24647532204838, 114.31280623548186, 0., 0., 1. ]
distortion_coefficients: !!opencv-matrix
   rows: 1
   cols: 5
   dt: d
   data: [ -0.12444564854119849, -0.16891200888396946,
       -0.038436321735626798, 0.016086737232673023, 0.087870583422503493 ]
