%YAML:1.0
---
camera_matrix: !!opencv-matrix
   rows: 3
   cols: 3
   dt: d
   data: [ 708.41805409941026, 0., 310.0054643142023, 0.,
       706.71175228696438, 254.35405826595527, 0., 0., 1. ]
distortion_coefficients: !!opencv-matrix
   rows: 1
   cols: 5
   dt: d
   data: [ -0.011893290722615848, 0.91172742931242623,
       -0.0018273863255907725, -0.0002666587449238255,
       -2.6566010809985969 ]
