%YAML:1.0
---
camera_matrix: !!opencv-matrix
   rows: 3
   cols: 3
   dt: d
   data: [ 336.96437949052927, 0., 155.46617067296532, 0.,
       336.15058365621815, 118.42154837224761, 0., 0., 1. ]
distortion_coefficients: !!opencv-matrix
   rows: 1
   cols: 5
   dt: d
   data: [ -0.33824920912134165, 3.1637783368142385,
       -0.0077701785086254152, 0.0011869234069964809, -7.253352146184838 ]
