%YAML:1.0
---
rvec: !!opencv-matrix
   rows: 3
   cols: 1
   dt: d
   data: [ 0.088441066561908283, -0.0081996192555887012,
       -0.044237526468729936 ]
tvec: !!opencv-matrix
   rows: 3
   cols: 1
   dt: d
   data: [ -55.852686209087736, -93.073275238059566, 171.12983821067323 ]
